set1_score: 0.400000000000
set2_score: 0.114285714286
set3_score: 0.342857142857
Duration: 0
