set1_score: 0.165917730771
set2_score: 0.063406588781
set3_score: 0.142448946893
Duration: 0
